# Frame list with one line of data per frame:
#   FRAME_ID, RIG_ID, RIG_FROM_WORLD[QW, QX, QY, QZ, TX, TY, TZ], NUM_DATA_IDS, DATA_IDS[] as (SENSOR_TYPE, SENSOR_ID, DATA_ID)
# Number of frames: 51
1 1 0.70643364909971662 0.17037824294133441 -0.1713227471179628 -0.66526030249206713 4.0667862956199148 -3.4824620872113132 -0.30136487153630165 1 CAMERA 1 1
2 1 0.70011563213720729 0.17385001931367175 -0.1713197134019441 -0.6710170103817269 4.009274399773096 -3.3781271759621916 -0.32639140463671334 1 CAMERA 1 2
3 1 0.70090621249460006 0.18169554616843167 -0.17064310123913912 -0.66827998757146623 4.1366409983931733 -2.0030423545277976 -0.24766506353520992 1 CAMERA 1 3
4 1 0.6978520108078422 0.17998677262848245 -0.1656807201349535 -0.67316954154640529 4.1074863139266755 -0.54980788543106784 -0.12958887381775783 1 CAMERA 1 4
5 1 0.68934665134565831 0.18147132232044838 -0.16812734453916239 -0.68088365340343227 4.2259023406891014 0.5233054172198458 -0.080031337102309114 1 CAMERA 1 5
6 1 0.68805580147354084 0.183532901885927 -0.16643680758409032 -0.68205108097938705 4.2942331358598125 1.7021768801050408 -0.068088641638152328 1 CAMERA 1 6
7 1 0.69139666645395437 0.18528223241195646 -0.16689326927026291 -0.67807653007686741 4.2678134436322699 2.6785485649234806 -0.061353500049566558 1 CAMERA 1 7
8 1 0.67291869468893517 0.18258501361592355 -0.17221513328876592 -0.69583409733020796 3.9918596038627774 2.9521882933882546 -0.074802908950047375 1 CAMERA 1 8
9 1 -0.34216535249561797 -0.098217540217453034 0.22433749636461692 0.90716529589156902 4.4144247111902573 -0.12572344317521836 -0.095722839628554546 1 CAMERA 1 9
10 1 0.089669117773460677 0.017387199256698623 0.2451255450018 0.96517905168279938 2.7757484079877157 -2.4572870710835462 -0.08534701332790387 1 CAMERA 1 10
11 1 0.59663956105139992 0.15309215123497191 0.19781348279669231 0.76253121473319652 -0.3120100010665306 -3.2025997391865002 -0.029389157180141692 1 CAMERA 1 11
12 1 0.72180321655157187 0.19396210419704771 0.16209496536918866 0.64428568268526654 -0.9964522536355408 -2.2558955781499819 -0.057869871774071914 1 CAMERA 1 12
13 1 0.66311298842196442 0.18043235524818674 0.17470489163182201 0.70512660608262201 -0.59775463020047714 -1.3745072612220712 -0.05352767596460728 1 CAMERA 1 13
14 1 0.64947346970878861 0.17725404090139368 0.1743421169946972 0.71858892516539785 -0.57013080414816331 -0.0081955828265028226 -0.018055825709588837 1 CAMERA 1 14
15 1 0.64493170646468267 0.1777931323659046 0.17127270264186692 0.72326921502980013 -0.57717841194055985 1.3480336311050769 0.0190484081470873 1 CAMERA 1 15
16 1 0.64210043193373245 0.17347017655274038 0.17224255221066964 0.72660005254970239 -0.54011806896883408 2.4270258208709867 0.065059393676347929 1 CAMERA 1 16
17 1 0.64045596668619986 0.17461213005389717 0.17205938766191711 0.72782025658227756 -0.35480732415770821 3.1583676966523768 0.064632472721099121 1 CAMERA 1 17
18 1 0.53701692460710793 0.15157018988900181 0.19466342213152632 0.80668795225079382 -0.64637023579899633 3.3910689217826491 0.0049729592156763525 1 CAMERA 1 18
19 1 0.12116457312851328 0.050068930162374813 0.24553338249626414 0.96048196574996858 -2.7605858194347994 2.2637605697782068 -0.0010305464070301026 1 CAMERA 1 19
20 1 -0.38782463935897682 -0.08623406456891769 0.22534821334057975 0.88959199521927579 -3.905357278137878 -0.51458434820793608 0.046978084948497971 1 CAMERA 1 20
21 1 0.69688744717443618 0.17136566287408359 -0.17205926325545637 -0.67481649763947904 -2.972824824996537 -2.7293552275531958 0.0032537188131942954 1 CAMERA 1 21
22 1 0.76516683299938804 0.19256233866072109 -0.15181991526380897 -0.59530679211352056 -2.6210714485411923 -2.7050689611076755 -0.074493839785725616 1 CAMERA 1 22
23 1 0.77329466998863727 0.1974805740513875 -0.14749802066343462 -0.58417558160185734 -2.6768955380360286 -1.6687121414923189 -0.099698180548174156 1 CAMERA 1 23
24 1 0.82604050577439958 0.21546442614794187 -0.12648518181974644 -0.5052065544554406 -2.7621780465419978 -0.87706426929743908 -0.10737695248430643 1 CAMERA 1 24
25 1 0.86496122951972221 0.22602543955574783 -0.10358265196662644 -0.43591880701906205 -3.3246237455984162 -0.22739050932669469 -0.054500164475055804 1 CAMERA 1 25
26 1 0.90784625387368978 0.23569707537264675 -0.086713749025938466 -0.33577193706168385 -3.7893015589813963 -0.34982727864875723 -0.054507048491249439 1 CAMERA 1 26
28 1 0.94358200606324005 0.23860434130527136 -0.069017516631202772 -0.21899211981715472 -4.0112217298886224 -0.98928290297718646 -0.046025611117150124 1 CAMERA 1 28
30 1 0.98985854674205553 0.10818601170916677 -0.033677806343003248 -0.085683427056187852 -1.9306765914462451 -3.4764330633951515 0.99749185670950447 1 CAMERA 1 30
31 1 0.9984840547298709 0.042820956954790719 -0.010600033922406729 -0.032918040289724664 -0.84533720974686311 -3.9385126759313231 1.7123330421155307 1 CAMERA 1 31
32 1 0.99978495214210661 0.0018511873135368759 -0.0080550210340744142 -0.019019442995960111 -0.37843779104194469 -4.0390442699489109 2.1195622506649041 1 CAMERA 1 32
33 1 0.99810274010414313 0.0029996526771179162 0.031948650527876724 0.052547178895405257 -0.067964513098582285 -3.7179376382753575 1.9823831301070867 1 CAMERA 1 33
34 1 0.98451354061934127 0.0027504855219130852 0.085857318431108845 0.15282029982427639 -0.19014052410152127 -3.0905339680217176 1.6689403073963747 1 CAMERA 1 34
35 1 0.94480395910901283 0.0051684569806944181 0.15859129447658671 0.28664885700210629 -0.40799578285551935 -2.7323221505789177 1.4919873027640997 1 CAMERA 1 35
36 1 0.8736224177703994 0.0056946572639547336 0.23449788700926452 0.42633576326158507 -0.62737934073340651 -2.8455481796168631 1.5264913525807084 1 CAMERA 1 36
37 1 0.78768346067457062 0.0055362201914272184 0.29390029819994623 0.5414302639894697 -0.76131403919293339 -3.117910152958645 1.6305454513292368 1 CAMERA 1 37
38 1 0.69252929946517072 0.0048580792772222681 0.34391498029723638 0.63411517469239576 -0.84942995595015869 -3.28260600506679 1.7251160732442143 1 CAMERA 1 38
39 1 0.5724483003319597 0.0087097205131805543 0.39472164325536402 0.71862501247967836 -0.92143872140611738 -3.3317570833654324 1.7691782773935891 1 CAMERA 1 39
40 1 0.41562867021914324 0.0086339614691273939 0.43988780785258408 0.79603830291253219 -0.84167752423524922 -3.4074391409439939 1.8214389302974561 1 CAMERA 1 40
41 1 0.25305880167244221 0.0052981003662923984 0.46602657923850904 0.84779266361054939 -0.69948853731346905 -3.5888939393382349 1.8735323228102763 1 CAMERA 1 41
42 1 0.098533167875288999 0.006143537461718411 0.48327990718138936 0.86988160291539918 -0.69118050276276688 -3.8887861930230265 2.0327763978806637 1 CAMERA 1 42
43 1 -0.051056297865404159 0.0063106220089318241 0.48193132332693567 0.87469745060477244 -0.54015513661223868 -3.8985394373269329 2.0388510429332345 1 CAMERA 1 43
44 1 -0.18088802310333052 0.0082653054255788019 0.47183432606387632 0.86289256374814038 -0.55849726608561912 -3.7061227237319523 1.9437761911216249 1 CAMERA 1 44
45 1 -0.32675329152684102 0.012164127717026329 0.45583877005071016 0.82782566775373356 -0.62722456570759144 -3.6022468467034483 1.9376157706423554 1 CAMERA 1 45
46 1 0.52806635000424507 -0.013450283562988368 -0.4114596306177814 -0.7427422111588573 -0.14038402703666653 -3.6968869549586154 2.0033615917519962 1 CAMERA 1 46
47 1 0.68843086884556881 -0.011898504823413994 -0.35329977120143624 -0.63332506351202866 0.35050901508536386 -3.7259980084352264 1.9997968124400247 1 CAMERA 1 47
48 1 0.78768251778965814 -0.0078522232639547697 -0.29803182240072307 -0.5391397097180487 0.35507338642414449 -3.5163921031525285 1.8329906305878396 1 CAMERA 1 48
49 1 0.84426896567243759 -0.0065498899289529039 -0.26023037529896892 -0.46845188047020248 -0.11674882858383399 -3.1141287101124067 1.5779477223014269 1 CAMERA 1 49
50 1 0.9108299722689398 -0.0051333411927505347 -0.20085536043646385 -0.36058221615700792 -0.41833666506045969 -2.9056788256086876 1.4769421101111342 1 CAMERA 1 50
51 1 0.96791469704955124 -0.0015403572035065027 -0.1214820017584019 -0.2199565634027153 -0.57432487982988034 -3.020029952188132 1.5669360391493774 1 CAMERA 1 51
52 1 0.99385290787836 -0.0029334402621915279 -0.054088544083269706 -0.096551653682929756 -0.4966957273599189 -3.4769270636133602 1.8488690579462221 1 CAMERA 1 52
53 1 0.99999986512600469 -0.00030699220558092182 -0.00034673520661314872 0.00023511370597425988 -0.11159856572255662 -3.874814488489692 2.0988557271086341 1 CAMERA 1 53
